k__Bacteria; p__Firmicutes; c__Clostridia; o__Clostridiales; f__Lachnospiraceae	k__Bacteria; p__Proteobacteria; c__Gammaproteobacteria; o__Pseudomonadales; f__Pseudomonadaceae	k__Bacteria; p__Firmicutes; c__Clostridia; o__Clostridiales; f__Ruminococcaceae	k__Bacteria; p__Bacteroidetes; c__Bacteroidia; o__Bacteroidales; f__Bacteroidaceae	k__Bacteria; p__Verrucomicrobia; c__Verrucomicrobiae; o__Verrucomicrobiales; f__Verrucomicrobiaceae	k__Bacteria; p__Firmicutes; c__Bacilli; o__Lactobacillales; f__Streptococcaceae	k__Bacteria; p__Bacteroidetes; c__Bacteroidia; o__Bacteroidales; f__Prevotellaceae	k__Bacteria; p__Firmicutes; c__Clostridia; o__Clostridiales; f__	k__Bacteria; p__Proteobacteria; c__Gammaproteobacteria; o__Enterobacteriales; f__Enterobacteriaceae	k__Bacteria; p__Firmicutes; c__Clostridia; o__Clostridiales; f__Veillonellaceae	k__Bacteria; p__Firmicutes; c__Bacilli; o__Lactobacillales; f__Enterococcaceae	k__Bacteria; p__Fusobacteria; c__Fusobacteriia; o__Fusobacteriales; f__Leptotrichiaceae	k__Bacteria; p__Firmicutes; c__Erysipelotrichi; o__Erysipelotrichales; f__Erysipelotrichaceae	k__Bacteria; p__Bacteroidetes; c__Bacteroidia; o__Bacteroidales; f__[Barnesiellaceae]	k__Bacteria; p__Firmicutes; c__Bacilli; o__Lactobacillales; f__Lactobacillaceae	k__Bacteria; p__Bacteroidetes; c__Bacteroidia; o__Bacteroidales; f__[Paraprevotellaceae]
16	13.9144358679978	3.8484699184294	9.58696009196851	12.1571686647981	23.0087042206964	0.587124322548909	7.55323807959883	3.29282312366949	0.979909125745848	0.677451141402895	5.97662451414907	0	0.262768927573959	1.19888323205981	0.0177916461377972	4.65593693545928
1	33.3235214756847	4.40061814702798	15.8191674638928	19.0926484656912	1.78207864203918	1.47668457330932	0.00245296440748888	5.34991537272755	0.344641499251842	1.0866632325195	0.0159442686486927	0.0110383398336949	5.71540706943738	1.14676086049947	0.745701179875658	0.0527387347609758
15	12.7624234172954	7.91558883593716	9.57794417970657	10.0844111640964	24.0326752892914	0.303607896527891	7.5357385976873	3.44996596323876	1.16950306330958	0.692988427501752	4.69162695710832	0	0.226004084410919	0.974812797821651	0.0163376446561941	4.36623553437844
13	5.19972712801353	6.28237196492219	0.0568483286590293	0.070744586775712	0.0126329619242843	4.99886303342378	14.6138103539818	0.183177947901772	0.344879860531571	15.6332903812806	0.0164228505014796	27.359205639366	1.43257788220822	0.00378988857727529	2.69713737082664	0.478789256928404
18	0.199672447446054	66.3675319139179	0.0830098938819224	0.0516007448455139	0.00673053193637182	0.677540214928183	0.33203957552809	0.0538442554910145	13.6405447244037	0.208646490028056	0.0471137235546127	0.00224351064546061	0.0134610638727036	0	0.0762793619456206	0.00673053193637182
6	22.4080267558783	8.69565217390156	10.28428093649	3.76254180601635	0.585284280935432	8.11036789297213	5.51839464882465	3.01003344481708	1.3377926421387	6.187290969894	0.418060200668594	0.334448160534676	3.34448160534676	0.501672240802513	4.09698996655603	7.02341137123319
2	27.2727272726864	0.534759358288733	8.02139037432599	10.1604278074949	1.6042780748692	8.55614973261572	3.2085561497284	11.7647058823941	7.48663101603626	5.34759358288733	0.534759358288733	0	0.534759358288733	0.534759358288733	1.6042780748692	0
3	34.2465753424777	4.10958904109733	4.79452054794688	12.328767123292	0.684931506848555	2.05479452054866	1.36986301369911	1.36986301369911	7.5342465753351	0.684931506848555	2.73972602739822	0.684931506848555	4.79452054794688	1.36986301369911	0.684931506848555	0
11	13.7931034482862	1.53256704980847	12.2605363984877	8.42911877394157	1.14942528735885	20.3065134099797	9.1954022988408	6.13026819922387	0	6.13026819922387	0.383141762451617	0	2.2988505747077	0	4.5977011494254	0
17	0	16.6666666666667	16.6666666666667	0	16.6666666666667	0	0	0	0	0	16.6666666666667	0	0	16.6666666666667	0	0
10	19.745222929897	11.4649681528983	7.64331210190885	4.45859872610933	0.636942675158904	3.18471337579952	3.18471337579952	6.36942675158904	20.3821656050969	1.91082802547971	0	0.636942675158904	1.91082802547971	0	0.636942675158904	1.27388535031981
12	13.2	0	8.4	2.4	1.2	14.8	11.6	9.2	1.2	10.4	0.8	2	2.8	0	4.8	1.2
5	18.125	1.25	18.125	9.375	12.5	1.875	1.25	7.5	1.875	3.75	3.125	0	1.25	1.25	3.125	0.625
