"k__Bacteria; p__Bacteroidetes; c__Bacteroidia; o__Bacteroidales; f__Bacteroidaceae"	"k__Bacteria; p__Bacteroidetes; c__Bacteroidia; o__Bacteroidales; f__[Barnesiellaceae]"	"k__Bacteria; p__Bacteroidetes; c__Bacteroidia; o__Bacteroidales; f__[Paraprevotellaceae]"	"k__Bacteria; p__Bacteroidetes; c__Bacteroidia; o__Bacteroidales; f__Prevotellaceae"	"k__Bacteria; p__Firmicutes; c__Bacilli; o__Lactobacillales; f__Enterococcaceae"	"k__Bacteria; p__Firmicutes; c__Bacilli; o__Lactobacillales; f__Lactobacillaceae"	"k__Bacteria; p__Firmicutes; c__Bacilli; o__Lactobacillales; f__Streptococcaceae"	"k__Bacteria; p__Firmicutes; c__Clostridia; o__Clostridiales; f__"	"k__Bacteria; p__Firmicutes; c__Clostridia; o__Clostridiales; f__Clostridiaceae"	"k__Bacteria; p__Firmicutes; c__Clostridia; o__Clostridiales; f__Lachnospiraceae"	"k__Bacteria; p__Firmicutes; c__Clostridia; o__Clostridiales; f__Ruminococcaceae"	"k__Bacteria; p__Firmicutes; c__Clostridia; o__Clostridiales; f__Veillonellaceae"	"k__Bacteria; p__Firmicutes; c__Erysipelotrichi; o__Erysipelotrichales; f__Erysipelotrichaceae"	"k__Bacteria; p__Fusobacteria; c__Fusobacteriia; o__Fusobacteriales; f__Leptotrichiaceae"	"k__Bacteria; p__Proteobacteria; c__Gammaproteobacteria; o__Enterobacteriales; f__Enterobacteriaceae"	"k__Bacteria; p__Proteobacteria; c__Gammaproteobacteria; o__Pseudomonadales; f__Pseudomonadaceae"	"k__Bacteria; p__Verrucomicrobia; c__Verrucomicrobiae; o__Verrucomicrobiales; f__Verrucomicrobiaceae"
"16"	12.1571686647981	1.19888323205981	4.65593693545928	7.55323807959883	5.97662451414907	0.0177916461377972	0.587124322548909	3.29282312366949	0	13.9144358679978	9.58696009196851	0.677451141402895	0.262768927573959	0	0.979909125745848	3.8484699184294	23.0087042206964
"1"	19.0926484656912	1.14676086049947	0.0527387347609758	0.00245296440748888	0.0159442686486927	0.745701179875658	1.47668457330932	5.34991537272755	0	33.3235214756847	15.8191674638928	1.0866632325195	5.71540706943738	0.0110383398336949	0.344641499251842	4.40061814702798	1.78207864203918
"15"	10.0844111640964	0.974812797821651	4.36623553437844	7.5357385976873	4.69162695710832	0.0163376446561941	0.303607896527891	3.44996596323876	0	12.7624234172954	9.57794417970657	0.692988427501752	0.226004084410919	0	1.16950306330958	7.91558883593716	24.0326752892914
"13"	0.070744586775712	0.00378988857727529	0.478789256928404	14.6138103539818	0.0164228505014796	2.69713737082664	4.99886303342378	0.183177947901772	0	5.19972712801353	0.0568483286590293	15.6332903812806	1.43257788220822	27.359205639366	0.344879860531571	6.28237196492219	0.0126329619242843
"18"	0.0516007448455139	0	0.00673053193637182	0.33203957552809	0.0471137235546127	0.0762793619456206	0.677540214928183	0.0538442554910145	0	0.199672447446054	0.0830098938819224	0.208646490028056	0.0134610638727036	0.00224351064546061	13.6405447244037	66.3675319139179	0.00673053193637182
"6"	3.76254180601635	0.501672240802513	7.02341137123319	5.51839464882465	0.418060200668594	4.09698996655603	8.11036789297213	3.01003344481708	0	22.4080267558783	10.28428093649	6.187290969894	3.34448160534676	0.334448160534676	1.3377926421387	8.69565217390156	0.585284280935432
"2"	10.1604278074949	0.534759358288733	0	3.2085561497284	0.534759358288733	1.6042780748692	8.55614973261572	11.7647058823941	0	27.2727272726864	8.02139037432599	5.34759358288733	0.534759358288733	0	7.48663101603626	0.534759358288733	1.6042780748692
"3"	12.328767123292	1.36986301369911	0	1.36986301369911	2.73972602739822	0.684931506848555	2.05479452054866	1.36986301369911	0	34.2465753424777	4.79452054794688	0.684931506848555	4.79452054794688	0.684931506848555	7.5342465753351	4.10958904109733	0.684931506848555
"11"	8.42911877394157	0	0	9.1954022988408	0.383141762451617	4.5977011494254	20.3065134099797	6.13026819922387	0	13.7931034482862	12.2605363984877	6.13026819922387	2.2988505747077	0	0	1.53256704980847	1.14942528735885
"17"	0	16.6666666666667	0	0	16.6666666666667	0	0	0	0	0	16.6666666666667	0	0	0	0	16.6666666666667	16.6666666666667
"10"	4.45859872610933	0	1.27388535031981	3.18471337579952	0	0.636942675158904	3.18471337579952	6.36942675158904	0	19.745222929897	7.64331210190885	1.91082802547971	1.91082802547971	0.636942675158904	20.3821656050969	11.4649681528983	0.636942675158904
"12"	2.4	0	1.2	11.6	0.8	4.8	14.8	9.2	0	13.2	8.4	10.4	2.8	2	1.2	0	1.2
"5"	9.375	1.25	0.625	1.25	3.125	3.125	1.875	7.5	0	18.125	18.125	3.75	1.25	0	1.875	1.25	12.5
"180.S53.L001.R1.27"	5.22340522341297	0	0	7.89880789881448	0	0	0	5.78760578761328	1.16935116935066	27.3819273819155	23.9057239057136	0	10.1465101465058	0	0	0	0
"231.S73.L001.R1.49"	3.07257930575815	0	0	1.1625975751493	0	0	0	12.3844322648925	3.13347727398811	18.0866965619891	28.8434922216826	0	10.5741017549936	0	0	0	0
"55.S16.L001.R1.81"	1.23485021723926	0	0	0.525954722158686	0	0	0	8.98467871026463	3.1763091699081	39.1104504916766	22.3919506059866	0	0.466498970957721	0	0	0	0
"37.S9.L001.R1.73"	6.74955595026552	0	0	24.4227353463838	0	0	0	6.78507992894549	2.53996447601831	17.6376554173883	28.579040852581	0	0.479573712255681	0	0	0	0
"218.S67.L001.R1.43"	3.36843201312013	0	0	2.5614660748901	0	0	0	14.3106298239006	2.25039372128009	22.9061186240009	27.2012599081011	0	6.67569080189026	0	0	0	0
"230.S72.L001.R1.48"	1.38745438270005	0	0	14.3565379054006	0	0	0	7.31598154651029	1.89699097983007	19.7101149900008	30.4723541968012	0	8.37636851890033	0	0	0	0
"288.S89.L001.R1.64"	7.3165281129906	0	0	0.48270313757004	0	0	0	8.07633860731067	2.17663359256018	28.5599356396023	29.3957271833024	0	3.6292124787703	0	0	0	0
"302.S93.L001.R1.69"	1.34421768706926	0	0	48.7510204081733	0	0	0	3.89115646258787	0.538775510203705	5.37687074829706	9.83401360543462	0	3.23809523809823	0	0	0	0
"80.S25.L001.R1.92"	5.79410243145362	0	0	15.3302293499096	0	0	0	6.56435017532409	2.95453239064184	22.6245904466141	32.04000689772	0	3.54658849227221	0	0	0	0
"52.S15.L001.R1.80"	17.9130103014024	0	0	9.95803128577134	0	0	0	5.2079359023307	3.60072491415048	19.7872949256027	26.3496756963035	0	2.53243037009034	0	0	0	0
"197.S62.L001.R1.36"	4.35303685314098	0	0	4.9009116979811	0	0	0	14.0863758935032	2.63236741857059	26.1610238411059	31.6354920173071	0	3.13743954115071	0	0	0	0
"7.S3.L001.R1.87"	2.28347551928902	0	0	0.0973664688426583	0	0	0	17.1388167655927	4.33280786349814	15.8637796735932	32.8240912462859	0	3.15050074183865	0	0	0	0
"133.S37.L001.R1.10"	0.661549023279377	0	0	0.661549023279377	0	0	0	6.12244897959349	12.5382262997071	25.2948885976144	23.7533545528135	0	1.32933907508076	0	0	0	0
"270.S85.L001.R1.60"	2.15121512150988	0	0	27.7857785778985	0	0	0	6.03060306030968	2.67326732672986	19.117911791199	28.6948694868985	0	0.756075607560959	0	0	0	0
"88.S28.L001.R1.95"	14.5028142589025	0	0	4.88742964353084	0	0	0	10.2720450281018	2.20450281426038	15.7786116323027	35.046904315206	0	3.67729831144063	0	0	0	0
"264.S83.L001.R1.58"	25.6058237248225	0	0	0.0830564784053728	0	0	0	8.3203048661373	1.55853038890137	22.6206761774198	34.3511823334301	0	1.58784444010139	0	0	0	0
"216.S65.L001.R1.41"	0.150444335595995	0	0	7.68665593729975	0	0	0	7.13036176614977	1.70037086277994	23.1649289762992	24.2565250856992	0	10.2162199985997	0	0	0	0
"281.S87.L001.R1.62"	20.8936516889075	0	0	0.125336842765045	0	0	0	5.34561634392192	11.6500595350042	20.7432474776075	23.0745127530083	0	6.36711161246229	0	0	0	0
"181.S54.L001.R1.28"	7.78792604142664	0	0	1.31432390286943	0	0	0	12.4571173980946	5.0924482067278	18.3337046112921	36.2842503897843	0	1.45243929605937	0	0	0	0
"57.S17.L001.R1.82"	26.6300865107112	0	0	2.26289650753095	0	0	0	5.52707465556232	0.917173982698385	13.7936558795058	23.6622877283099	0	6.09580262736256	0	0	0	0
"63.S19.L001.R1.83"	0.257671585851111	0	0	0.109315218240047	0	0	0	6.94932458812299	4.35699226985187	61.5835090185265	17.8730381822077	0	1.4054813773706	0	0	0	0
"305.S96.L001.R1.72"	20.0974230043929	0	0	0.109993714644961	0	0	0	6.95055520636754	2.32558139534918	18.3270479781935	31.9505552063887	0	3.14791535721889	0	0	0	0
"227.S69.L001.R1.45"	4.9696027145507	0	0	17.5243885197025	0	0	0	8.91418068712125	2.06418775626029	21.412413403103	30.2205570479042	0	5.05443234837071	0	0	0	0
"79.S24.L001.R1.91"	0.83533280014169	0	0	2.55931751532905	0	0	0	3.93672798364854	1.27965875765952	21.2920998844921	22.2873900292917	0	6.01617346484776	0	0	0	0
"178.S51.L001.R1.24"	3.62213982093289	0	0	16.4737270507131	0	0	0	8.04919960206642	3.69449217690295	20.1591751831161	30.5553043321244	0	5.74749027765458	0	0	0	0
"82.S26.L001.R1.93"	3.66654784335801	0	0	0.947191526200486	0	0	0	7.13958343942612	2.24066812649878	21.7548505372882	23.0839741304875	0	0.641645872586652	0	0	0	0
"278.S86.L001.R1.61"	26.2150528646896	0	0	0.137907977767945	0	0	0	9.49475531781622	1.59221028876937	14.2755652137943	34.3474445233863	0	0.204772451836918	0	0	0	0
"223.S68.L001.R1.44"	16.772597156903	0	0	1.98922905245036	0	0	0	5.07495997283091	1.57197612925028	19.7564407355035	32.7155402455059	0	12.5903643685023	0	0	0	0
"122.S35.L001.R1.7"	4.29510891902813	0	0	0.0479517742155791	0	0	0	7.90519249211656	1.44540347992937	38.5737772297832	30.1000137004869	0	5.48020276749761	0	0	0	0
"242.S77.L001.R1.53"	4.97782508425978	0	0	2.2387794926399	0	0	0	12.0241263082995	3.52315061202984	14.0642185559994	33.7094199041985	0	1.68174560936992	0	0	0	0
"291.S90.L001.R1.65"	7.86643653744414	0	0	4.58709506107242	0	0	0	10.0504514073053	1.60647902284085	29.7331386086157	32.215878916617	0	6.04753053638319	0	0	0	0
"217.S66.L001.R1.42"	5.69547796222309	0	0	0.183171150544099	0	0	0	8.1053234115644	3.96680022896215	30.7899255867167	30.4865483686166	0	4.11562678878223	0	0	0	0
"183.S55.L001.R1.29"	23.5941029604077	0	0	0.422066341695137	0	0	0	3.94721198431129	1.88443704672061	25.8292711925084	34.2943764118112	0	3.97693496612129	0	0	0	0
"4.S2.L001.R1.74"	26.2395251396921	0	0	0.925279329608722	0	0	0	8.9734636871473	3.9804469273688	25.4539106144923	17.0740223463949	0	0.890363128491732	0	0	0	0
"229.S71.L001.R1.47"	2.13378813719876	0	0	5.01800265301708	0	0	0	6.88269850293599	1.96702671972885	26.8296380518844	29.9639946939825	0	13.0680310782924	0	0	0	0
"294.S92.L001.R1.67"	7.31744421907246	0	0	11.5466531440039	0	0	0	9.62474645030323	1.35902636917046	10.2028397566034	36.7951318458124	0	3.08823529412104	0	0	0	0
"176.S47.L001.R1.23"	1.65113452187972	0	0	0.202593192868966	0	0	0	12.7025931928979	0.800243111830865	23.3184764991961	26.0129659642956	0	11.912479740698	0	0	0	0
"283.S88.L001.R1.63"	0.155213771695046	0	0	0.0564413715253168	0	0	0	6.44842669677192	4.38831663609131	57.9511782136173	3.80979257796114	0	9.00239875829268	0	0	0	0
"87.S27.L001.R1.94"	1.72339508831872	0	0	0.689358035329488	0	0	0	4.09306333476696	2.32658336923827	26.4541146057803	35.9758724687733	0	11.6760017233913	0	0	0	0
"228.S70.L001.R1.46"	10.3039613738882	0	0	0.0877866783714997	0	0	0	9.77724130361882	1.90936025457782	27.6198836826684	37.7592450345568	0	3.33589377811619	0	0	0	0
"292.S91.L001.R1.66"	0.0833829660511566	0	0	0.0774270399046597	0	0	0	8.80881477069541	4.11554496723786	56.6527695056705	7.39130434782615	0	6.24776652769675	0	0	0	0
"142.S41.L001.R1.14"	35.8528428093968	0	0	6.09303739738945	0	0	0	7.24232289449935	1.03374885983991	19.1061112799983	17.4277896016984	0	1.64791730008985	0	0	0	0
"76.S23.L001.R1.90"	3.95459538631007	0	0	0.0146466495789002	0	0	0	7.72610765287013	1.79421457342003	36.2065177591006	42.3361406078007	0	2.36543390699004	0	0	0	0
"46.S11.L001.R1.76"	22.1341785525964	0	0	1.12695897164982	0	0	0	6.77936256382889	1.30304631096979	31.8189822151948	26.9589716498956	0	0.54587075189291	0	0	0	0
"166.S46.L001.R1.20"	20.8078335373103	0	0	0.10199918400705	0	0	0	8.40473276214416	1.63198694410081	19.0126478988094	40.6772745818201	0	1.2035903712806	0	0	0	0
"69.S20.L001.R1.86"	3.27074500303103	0	0	0.060569351907919	0	0	0	5.29981829194166	7.07147183525222	22.304663840107	33.9339794064106	0	0.847970926711266	0	0	0	0
"175.S50.L001.R1.22"	6.25814014065902	0	0	22.4472518884965	0	0	0	7.36519927063885	3.06720500129952	20.2461578535968	27.3248241729957	0	1.60197968220975	0	0	0	0
"201.S63.L001.R1.39"	2.81269905125976	0	0	28.1001709745976	0	0	0	12.7325756813989	1.00908511850992	13.2186798081989	19.8498105869983	0	4.65989473330961	0	0	0	0
"51.S14.L001.R1.79"	7.05331773357844	0	0	0.752131037940834	0	0	0	5.40977213214881	2.32324920607949	16.7753078165963	32.3750626775929	0	16.8031645216963	0	0	0	0
"186.S78.L001.R1.31"	28.9298076580045	0	0	0.0535274595868084	0	0	0	7.74720765086121	1.02772722407016	22.5100810049035	26.4282910466041	0	4.35356671306068	0	0	0	0
"232.S74.L001.R1.50"	0.101629347932957	0	0	32.9279087302861	0	0	0	6.8911254630671	1.24905746975947	13.7625807297942	18.1129724944924	0	8.44179261055644	0	0	0	0
"241.S76.L001.R1.52"	5.24503311257905	0	0	0.370860927151933	0	0	0	8.79470198674841	0.60927152317889	51.4701986754907	25.0331125827955	0	2.09271523178962	0	0	0	0
"252.S79.L001.R1.54"	11.0052259452983	0	0	0.153704272978976	0	0	0	7.10113741161889	2.42852751305962	38.5644020903939	28.8195511834955	0	3.85797725176939	0	0	0	0
"184.S56.L001.R1.30"	10.2409367259914	0	0	21.8013960819817	0	0	0	2.71110110335772	4.72866471514603	11.6099977482903	17.6942130150851	0	3.71537941904688	0	0	0	0
"99.S31.L001.R1.97"	7.2029168836978	0	0	7.71634794255765	0	0	0	8.79529726913732	3.09546841282906	20.3735396978938	37.5027903861886	0	0.930128729815716	0	0	0	0
"179.S52.L001.R1.25"	4.67426710098049	0	0	10.7491856678011	0	0	0	8.76221498371092	1.75895765472018	14.4625407166015	30.6514657980032	0	9.33224755700098	0	0	0	0
"199.S61.L001.R1.37"	4.46365973357973	0	0	0.775103217262953	0	0	0	14.3880969073991	3.41590714340979	24.9240476746985	31.6156422839981	0	5.28160785229968	0	0	0	0
"94.S29.L001.R1.96"	2.60068629222159	0	0	0.463548251159284	0	0	0	8.42815002107517	3.5879838661122	23.4061766299143	38.9561134188239	0	6.78466076696416	0	0	0	0
"43.S10.L001.R1.75"	1.62523900573986	0	0	0.11472275334599	0	0	0	8.62332695984928	1.2045889101299	38.9483747609968	37.0172084129969	0	3.91969407265967	0	0	0	0
"120.S34.L001.R1.6"	20.8256029684913	0	0	0.448361162646813	0	0	0	9.46196660481604	4.18985776128825	14.1929499071941	26.8862090290888	0	1.99443413728917	0	0	0	0
"187.S57.L001.R1.32"	29.0232558139618	0	0	0.178294573642766	0	0	0	9.68217054262727	1.80620155038762	13.2248062015826	32.0155038759579	0	0.511627906976327	0	0	0	0
"13.S5.L001.R1.8"	14.3074968233973	0	0	0.16094875052897	0	0	0	6.50571791613878	2.91401948326945	24.3710292248954	35.1207115628934	0	5.22659889876902	0	0	0	0
"67.S18.L001.R1.84"	12.0669503015996	0	0	10.6082565804997	0	0	0	9.94903922576968	1.55687502921995	15.6762822010995	40.3338164476987	0	1.48207022300995	0	0	0	0
"30.S8.L001.R1.68"	4.47165291455585	0	0	20.2289060420812	0	0	0	10.77987756189	1.33084908170877	26.0846420015758	23.1833910034785	0	2.87463401649733	0	0	0	0
"134.S38.L001.R1.11"	1.5782295252302	0	0	54.315775800507	0	0	0	3.76047281938049	0.610508540625079	11.1255439371014	16.4382671949021	0	0.922257582646119	0	0	0	0
"253.S80.L001.R1.55"	2.32109354061004	0	0	9.88474939694017	0	0	0	12.4149021710002	3.10908603592005	17.8986866792003	27.0222460466005	0	2.18172071831004	0	0	0	0
"266.S84.L001.R1.59"	12.2052276634066	0	0	0.277692070349151	0	0	0	16.9744787764092	1.92621324988104	15.1231983074082	36.6244986115199	0	4.40340282981239	0	0	0	0
"303.S94.L001.R1.70"	44.7284735811863	0	0	0.342465753424895	0	0	0	1.82240704500944	0.428082191780869	9.06311154598723	14.7260273972955	0	14.1511741682957	0	0	0	0
"68.S30.L001.R1.85"	32.0977253580117	0	0	0.975479980490357	0	0	0	5.95929588081218	1.44991797100053	12.4018977520045	34.3989713120126	0	1.40114397198051	0	0	0	0
"132.S36.L001.R1.9"	2.46162169472946	0	0	1.3795901805597	0	0	0	10.8406032325976	1.55542030161966	35.0442956650923	36.1601406640921	0	1.58923378642965	0	0	0	0
"49.S13.L001.R1.78"	4.34003583515833	0	0	2.70090915123896	0	0	0	11.8455106509955	4.79792952418816	18.7139159864928	39.179773043985	0	3.07916915521882	0	0	0	0
"108.S32.L001.R1.3"	3.61305361305183	0	0	10.5522682446053	0	0	0	7.1095571095636	5.65716334947287	13.2777478931067	26.8961807423136	0	2.31307154384117	0	0	0	0
"304.S95.L001.R1.71"	28.0709182323201	0	0	5.7263826409141	0	0	0	5.21301931728374	1.61418364647116	16.697539031512	27.4252447737196	0	0.386345594073277	0	0	0	0
"168.S48.L001.R1.21"	9.1326488020777	0	0	0.22539444027019	0	0	0	9.26621587779782	1.26888721930107	25.6699223641216	31.7555722514268	0	4.47449703648377	0	0	0	0
"191.S59.L001.R1.34"	12.5050614118111	0	0	0.607369415576541	0	0	0	11.4320421109102	1.07301930085096	8.91483331084795	23.2487515184207	0	6.36388176542567	0	0	0	0
"189.S58.L001.R1.33"	0.249159088078116	0	0	19.0606702379088	0	0	0	6.27880901956291	8.90743739878413	17.6529213903082	22.7855986047106	0	7.13840787343331	0	0	0	0
"109.S33.L001.R1.4"	23.8301325399139	0	0	0.716797403300419	0	0	0	6.58642142278385	2.20449012713129	11.8609683527069	32.8644847173192	0	2.7319448201216	0	0	0	0
"207.S64.L001.R1.40"	8.99717926272291	0	0	0.194533605680063	0	0	0	7.25610349188235	1.06020815096034	18.2958856142059	46.8631456084152	0	5.12596050968166	0	0	0	0
"18.S6.L001.R1.26"	2.63123273253751	0	0	2.09183002236802	0	0	0	10.1565583475904	1.60505196684848	38.3239047493638	33.7850282857681	0	6.19655308511414	0	0	0	0
"1.S1.L001.R1.2"	3.43267695583202	0	0	0.212879191059125	0	0	0	7.44190172077437	4.52368281001266	27.7718644669163	49.9290402696293	0	0.434628348412255	0	0	0	0
"20.S7.L001.R1.38"	6.79081489779271	0	0	0.616073928871246	0	0	0	6.10473256791244	1.72220666480069	32.2878745449129	33.6320358443134	0	3.5004200504114	0	0	0	0
"74.S22.L001.R1.89"	4.76190476190378	0	0	1.95578231293155	0	0	0	7.4319727891259	4.74489795918377	20.4421768707162	41.0714285714326	0	6.59863945578524	0	0	0	0
"261.S81.L001.R1.56"	15.9309309309142	0	0	14.1066066066126	0	0	0	9.7222222222287	1.39639639640125	9.42942942943843	22.8378378378204	0	2.85285285285255	0	0	0	0
"263.S82.L001.R1.57"	0.71866615561506	0	0	10.3967037179009	0	0	0	9.16059793024077	4.31199693369036	26.2169413568022	26.9451897279023	0	7.35914143350062	0	0	0	0
"135.S39.L001.R1.12"	3.9583758416602	0	0	0.244847990206013	0	0	0	8.85533564579045	4.68271781269024	42.9300142828022	32.8198326872017	0	2.69332789227014	0	0	0	0
"47.S12.L001.R1.77"	5.12941176470701	0	0	4.08235294117762	0	0	0	7.44705882352567	1.3764705882392	33.3529411764806	41.3411764705759	0	2.68235294117844	0	0	0	0
"153.S44.L001.R1.17"	35.1035196687134	0	0	1.41821946170054	0	0	0	15.3002070393058	1.14906832298044	11.8633540373045	25.7453416149098	0	0.186335403727071	0	0	0	0
"234.S75.L001.R1.51"	9.79381443299707	0	0	6.01536666018434	0	0	0	12.2057965376088	3.90488231862282	23.0354016728166	30.0962847695217	0	3.3310639953324	0	0	0	0
"73.S21.L001.R1.88"	2.56967780194204	0	0	10.4862621071083	0	0	0	10.9211306582087	5.23818936549416	16.5151215655131	31.5378533307251	0	6.14745997233489	0	0	0	0
"152.S43.L001.R1.16"	0.482958465571992	0	0	21.1811784186997	0	0	0	6.3060576790399	3.39450807230995	29.8468331722995	26.9076859389996	0	3.86366772457994	0	0	0	0
"194.S60.L001.R1.35"	10.8752196836922	0	0	0.140597539542899	0	0	0	6.5518453427053	3.2126537785577	45.7223198593672	25.2091388400819	0	2.41124780315827	0	0	0	0
"141.S40.L001.R1.13"	8.4452975048068	0	0	12.5034274746101	0	0	0	17.2470523718139	0.959692898273773	6.8275294762855	23.9100630655192	0	4.93556347683397	0	0	0	0
"158.S49.L001.R1.19"	11.3103448275955	0	0	5.79310344827768	0	0	0	7.31034482758708	3.58620689654857	23.4482758620906	27.8620689654889	0	2.89655172413884	0	0	0	0
"12.S4.L001.R1.5"	10.2837875807971	0	0	22.3096375385936	0	0	0	6.49058724360815	1.79825793761949	20.7642596234941	21.017139645994	0	6.79966282663806	0	0	0	0
"154.S45.L001.R1.18"	9.36890045542987	0	0	21.3619605291997	0	0	0	4.48926480155994	2.64584688787996	21.8173931901997	18.8462372586997	0	6.37605725438991	0	0	0	0
"144.S42.L001.R1.15"	20.7340631036768	0	0	0.0827890718424075	0	0	0	12.0964032747865	0.781896789623127	9.76911047740909	17.91003587528	0	1.38901664979845	0	0	0	0
